tnmo=[0.272212,0.719849,1.26427,1.75425,1.95992,2.49225,2.75236
0.235917,0.725898,1.27032,1.69981,1.96597,2.49225,2.81285
0.229868,0.701701,1.24008,1.69981,1.95992,2.49225,2.80076
0.229868,0.768242,1.27637,1.71191,2.00227,2.50435,2.74026
0.248015,0.744045,1.29452,1.73006,2.02042,2.54064,2.77656
0.260113,0.810586,1.33686,1.76635,2.08696,2.58904,2.92174
0.308507,0.877127,1.48204,1.88733,2.17164,2.64348,2.95803
0.362949,0.99206,1.51834,1.97202,2.21399,2.66767,2.99433
0.405293,1.0465,1.53043,2.00227,2.23819,2.71002,3.03062
0.489981,1.08885,1.60907,2.01437,2.30473,2.75236,3.09716
0.526276,1.17958,1.69981,2.05671,2.31077,2.78866,3.1758
0.550473,1.24612,1.68771,2.08091,2.34707,2.79471,3.18185
0.598866,1.22193,1.69981,2.06881,2.37127,2.8189,3.1879
0.580718,1.21588,1.66352,2.01437,2.33497,2.78261,3.16975
0.544423,1.10699,1.57278,1.95388,2.23819,2.73422,3.12741
0.508129,1.01021,1.50019,1.84499,2.1656,2.69792,3.01853
0.453686,0.92552,1.4034,1.71796,2.00832,2.63138,2.95803
0.381096,0.828733,1.29452,1.60907,1.94783,2.54064,2.89149
0.320605,0.70775,1.17353,1.50019,1.83289,2.4983,2.80681
0.254064,0.592817,1.0707,1.4276,1.74215,2.43781,2.73422
0.199622,0.49603,1.01021,1.34896,1.66957,2.36522,2.66163
0.14518,0.42949,0.979962,1.30057,1.63932,2.28053,2.61323
0.127032,0.42949,0.955766,1.28847,1.59093,2.25028,2.59508
0.108885,0.417391,0.937618,1.27637,1.58488,2.22004,2.59508
0.127032,0.447637,0.99811,1.29452,1.57278,2.19584,2.58299
0.127032,0.49603,0.99811,1.33081,1.60907,2.17769,2.61323
0.14518,0.526276,1.02836,1.38526,1.65142,2.20189,2.61928
0.169376,0.562571,1.0586,1.45784,1.70586,2.25028,2.64348
0.187524,0.610964,1.11304,1.50624,1.74215,2.22609,2.67372
0.205671,0.671456,1.16144,1.54858,1.80265,2.28658,2.69792
0.217769,0.744045,1.25217,1.60302,1.86314,2.32892,2.73422
0.223819,0.768242,1.28242,1.63932,1.89943,2.34102,2.74631
0.21172,0.840832,1.34291,1.69376,1.95992,2.41361,2.79471
0.217769,0.858979,1.4034,1.73006,1.99622,2.43781,2.84915]';

vnmo=[1028.43,1085.29,1184.79,1284.29,1469.07,1412.21,1632.54
1028.43,1078.18,1184.79,1291.39,1476.18,1398,1568.57
1035.54,1099.5,1199,1298.5,1476.18,1405.11,1568.57
1028.43,1085.29,1177.68,1298.5,1433.54,1398,1540.14
1028.43,1085.29,1184.79,1284.29,1454.86,1369.57,1469.07
1042.64,1085.29,1191.89,1298.5,1440.64,1376.68,1412.21
1035.54,1092.39,1149.25,1270.07,1419.32,1383.79,1454.86
1028.43,1078.18,1170.57,1270.07,1426.43,1398,1447.75
1035.54,1085.29,1163.46,1270.07,1454.86,1454.86,1511.71
1021.32,1085.29,1163.46,1262.96,1433.54,1433.54,1518.82
1028.43,1078.18,1149.25,1277.18,1476.18,1461.96,1476.18
1028.43,1078.18,1149.25,1262.96,1461.96,1469.07,1483.29
1021.32,1078.18,1149.25,1277.18,1533.04,1511.71,1518.82
1021.32,1078.18,1170.57,1305.61,1533.04,1525.93,1518.82
1028.43,1085.29,1177.68,1291.39,1497.5,1540.14,1589.89
1035.54,1099.5,1191.89,1298.5,1497.5,1533.04,1582.79
1028.43,1099.5,1184.79,1312.71,1504.61,1504.61,1540.14
1035.54,1106.61,1191.89,1312.71,1497.5,1483.29,1533.04
1035.54,1106.61,1213.21,1298.5,1490.39,1447.75,1504.61
1035.54,1092.39,1191.89,1298.5,1469.07,1426.43,1454.86
1035.54,1099.5,1184.79,1305.61,1483.29,1412.21,1461.96
1035.54,1078.18,1184.79,1291.39,1454.86,1405.11,1440.64
1035.54,1071.07,1191.89,1298.5,1476.18,1412.21,1405.11
1028.43,1078.18,1199,1291.39,1469.07,1426.43,1447.75
1042.64,1071.07,1184.79,1305.61,1490.39,1426.43,1454.86
1028.43,1063.96,1199,1312.71,1490.39,1454.86,1469.07
1042.64,1078.18,1199,1312.71,1483.29,1461.96,1511.71
1042.64,1099.5,1199,1312.71,1476.18,1469.07,1533.04
1035.54,1099.5,1206.11,1312.71,1490.39,1490.39,1533.04
1028.43,1092.39,1199,1312.71,1476.18,1469.07,1547.25
1042.64,1092.39,1191.89,1319.82,1476.18,1454.86,1547.25
1049.75,1092.39,1191.89,1312.71,1461.96,1461.96,1547.25
1021.32,1085.29,1184.79,1312.71,1454.86,1454.86,1547.25
1021.32,1092.39,1177.68,1305.61,1440.64,1440.64,1533.04]';

